# Z A Mass(u)
0 1 1.008664
1 1 1.007825
1 2 2.014101
1 3 3.016049
2 3 3.016029
3 3 3.030775
1 4 4.026431
2 4 4.002603
3 4 4.027185
1 5 5.035311
2 5 5.012057
3 5 5.012537
4 5 5.039870
1 6 6.044955
2 6 6.018885
3 6 6.015122
4 6 6.019726
5 6 6.050800
1 7 7.052749
2 7 7.027990
3 7 7.016003
4 7 7.016928
5 7 7.029712
2 8 8.033934
3 8 8.022486
4 8 8.005305
5 8 8.024607
6 8 8.037643
2 9 9.043946
3 9 9.026790
4 9 9.012183
5 9 9.013329
6 9 9.031037
2 10 10.052788
3 10 10.035483
4 10 10.013534
5 10 10.012936
6 10 10.016853
7 10 10.041653
3 11 11.043723
4 11 11.021661
5 11 11.009305
6 11 11.011433
7 11 11.026091
3 12 12.052517
4 12 12.026922
5 12 12.014352
6 12 12.000000
7 12 12.018613
8 12 12.034261
3 13 13.062631
4 13 13.036134
5 13 13.017780
6 13 13.003354
7 13 13.005738
8 13 13.024815
4 14 14.042892
5 14 14.025404
6 14 14.003241
7 14 14.003074
8 14 14.008596
9 14 14.034315
4 15 15.053420
5 15 15.031087
6 15 15.010599
7 15 15.000108
8 15 15.003065
9 15 15.018042
4 16 16.061672
5 16 16.039841
6 16 16.014701
7 16 16.006101
8 16 15.994914
9 16 16.011465
10 16 16.025750
5 17 17.046989
6 17 17.022577
7 17 17.008448
8 17 16.999131
9 17 17.002095
10 17 17.017713
5 18 18.055660
6 18 18.026750
7 18 18.014077
8 18 17.999159
9 18 18.000937
10 18 18.005708
11 18 18.026878
5 19 19.063100
6 19 19.034796
7 19 19.017021
8 19 19.003577
9 19 18.998403
10 19 19.001880
11 19 19.013880
12 19 19.034169
5 20 20.072070
6 20 20.040319
7 20 20.023365
8 20 20.004075
9 20 19.999981
10 20 19.992440
11 20 20.007354
12 20 20.018850
5 21 21.081290
6 21 21.049000
7 21 21.027108
8 21 21.008654
9 21 20.999948
10 21 20.993846
11 21 20.997654
12 21 21.011716
13 21 21.028975
6 22 22.057531
7 22 22.034394
8 22 22.009966
9 22 22.002998
10 22 21.991385
11 22 21.994437
12 22 21.999570
13 22 22.019540
14 22 22.035790
6 23 23.068890
7 23 23.041140
8 23 23.015695
9 23 23.003556
10 23 22.994466
11 23 22.989769
12 23 22.994124
13 23 23.007244
14 23 23.025440
7 24 24.050390
8 24 24.019861
9 24 24.008115
10 24 23.993610
11 24 23.990962
12 24 23.985041
13 24 23.999948
14 24 24.011534
15 24 24.035770
7 25 25.060100
8 25 25.029358
9 25 25.012199
10 25 24.997788
11 25 24.989953
12 25 24.985836
13 25 24.990428
14 25 25.004108
15 25 25.021190
8 26 26.037287
9 26 26.020037
10 26 26.000514
11 26 25.992634
12 26 25.982592
13 26 25.986891
14 26 25.992333
15 26 26.011780
16 26 26.029070
8 27 27.047720
9 27 27.026441
10 27 27.007553
11 27 26.994076
12 27 26.984340
13 27 26.981538
14 27 26.986704
15 27 26.999224
16 27 27.018280
8 28 28.055910
9 28 28.035342
10 28 28.012121
11 28 27.998939
12 28 27.983876
13 28 27.981910
14 28 27.976926
15 28 27.992326
16 28 28.004372
17 28 28.029540
9 29 29.042540
10 29 29.019753
11 29 29.002877
12 29 28.988617
13 29 28.980456
14 29 28.976494
15 29 28.981800
16 29 28.996611
17 29 29.014780
9 30 30.051650
10 30 30.024734
11 30 30.009097
12 30 29.990462
13 30 29.982960
14 30 29.973770
15 30 29.978313
16 30 29.984907
17 30 30.004770
18 30 30.023070
9 31 31.059709
10 31 31.033087
11 31 31.013162
12 31 30.996648
13 31 30.983945
14 31 30.975363
15 31 30.973761
16 31 30.979557
17 31 30.992414
18 31 31.012124
10 32 32.039720
11 32 32.020193
12 32 31.999110
13 32 31.988085
14 32 31.974151
15 32 31.973907
16 32 31.972071
17 32 31.985684
18 32 31.997637
19 32 32.022650
10 33 33.049380
11 33 33.025730
12 33 33.005327
13 33 32.990908
14 33 32.977976
15 33 32.971725
16 33 32.971458
17 33 32.977451
18 33 32.989925
19 33 33.007560
10 34 34.056728
11 34 34.033590
12 34 34.008935
13 34 33.996705
14 34 33.978575
15 34 33.973645
16 34 33.967867
17 34 33.973762
18 34 33.980270
19 34 33.998690
20 34 34.014870
11 35 35.040623
12 35 35.016790
13 35 34.999764
14 35 34.984583
15 35 34.973314
16 35 34.969032
17 35 34.968852
18 35 34.975257
19 35 34.988005
20 35 35.005140
11 36 36.049288
12 36 36.021879
13 36 36.006388
14 36 35.986695
15 36 35.978259
16 36 35.967080
17 36 35.968306
18 36 35.967545
19 36 35.981302
20 36 35.993074
21 36 36.016480
11 37 37.057051
12 37 37.030370
13 37 37.010531
14 37 36.992920
15 37 36.979606
16 37 36.971125
17 37 36.965902
18 37 36.966776
19 37 36.973375
20 37 36.985897
21 37 37.003740
12 38 38.036580
13 38 38.017402
14 38 37.995523
15 38 37.984251
16 38 37.971163
17 38 37.968010
18 38 37.962732
19 38 37.969081
20 38 37.976319
21 38 37.995120
22 38 38.011450
12 39 39.045384
13 39 39.022540
14 39 39.002491
15 39 38.986227
16 39 38.975134
17 39 38.968008
18 39 38.964313
19 39 38.963706
20 39 38.970710
21 39 38.984784
22 39 39.002360
12 40 40.052180
13 40 40.030030
14 40 40.005829
15 40 39.991331
16 40 39.975482
17 40 39.970415
18 40 39.962383
19 40 39.963998
20 40 39.962590
21 40 39.977967
22 40 39.990498
23 40 40.012760
13 41 41.036380
14 41 41.013011
15 41 40.994654
16 41 40.979593
17 41 40.970684
18 41 40.964500
19 41 40.961825
20 41 40.962277
21 41 40.969251
22 41 40.983148
23 41 41.000210
13 42 42.043840
14 42 42.017780
15 42 42.001084
16 42 41.981065
17 42 41.973254
18 42 41.963045
19 42 41.962402
20 42 41.958617
21 42 41.965516
22 42 41.973049
23 42 41.991820
24 42 42.006700
13 43 43.051470
14 43 43.024800
15 43 43.005024
16 43 42.986907
17 43 42.973888
18 43 42.965636
19 43 42.960734
20 43 42.958766
21 43 42.961150
22 43 42.968522
23 43 42.980766
24 43 42.997530
14 44 44.030610
15 44 44.011210
16 44 43.990118
17 44 43.977874
18 44 43.964923
19 44 43.961586
20 44 43.955481
21 44 43.959402
22 44 43.959689
23 44 43.974110
24 44 43.985360
25 44 44.007150
14 45 45.039950
15 45 45.016450
16 45 44.995717
17 45 44.980290
18 45 44.968039
19 45 44.960691
20 45 44.956186
21 45 44.955908
22 45 44.958121
23 45 44.965774
24 45 44.979050
25 45 44.994490
26 45 45.014419
15 46 46.024460
16 46 46.000040
17 46 45.985174
18 46 45.968082
19 46 45.961981
20 46 45.953689
21 46 45.955168
22 46 45.952627
23 46 45.960198
24 46 45.968358
25 46 45.986090
26 46 46.000630
15 47 47.031390
16 47 47.007950
17 47 46.989160
18 47 46.972934
19 47 46.961661
20 47 46.954542
21 47 46.952403
22 47 46.951758
23 47 46.954904
24 47 46.962897
25 47 46.975775
26 47 46.991850
27 47 47.010570
16 48 48.013700
17 48 47.995640
18 48 47.975910
19 48 47.965341
20 48 47.952522
21 48 47.952223
22 48 47.947941
23 48 47.952252
24 48 47.954029
25 48 47.968520
26 48 47.980230
27 48 48.000930
28 48 48.017688
16 49 49.022762
17 49 49.001230
18 49 48.981900
19 49 48.968210
20 49 48.955662
21 49 48.950014
22 49 48.947865
23 49 48.948511
24 49 48.951333
25 49 48.959595
26 49 48.973429
27 49 48.988910
28 49 49.007700
17 50 50.009050
18 50 49.986130
19 50 49.972380
20 50 49.957499
21 50 49.952176
22 50 49.944786
23 50 49.947156
24 50 49.946041
25 50 49.954237
26 50 49.962974
27 50 49.980910
28 50 49.994740
17 51 51.015540
18 51 50.993700
19 51 50.975828
20 51 50.960988
21 51 50.953591
22 51 50.946610
23 51 50.943957
24 51 50.944765
25 51 50.948208
26 51 50.956841
27 51 50.970647
28 51 50.986110
18 52 51.998960
19 52 51.982240
20 52 51.963217
21 52 51.956879
22 52 51.946893
23 52 51.944773
24 52 51.940506
25 52 51.945563
26 52 51.948113
27 52 51.963510
28 52 51.974800
29 52 51.996710
18 53 53.007290
19 53 52.987460
20 53 52.969450
21 53 52.959090
22 53 52.949725
23 53 52.944336
24 53 52.940648
25 53 52.941288
26 53 52.945306
27 53 52.954204
28 53 52.968190
29 53 52.984590
19 54 53.994630
20 54 53.973400
21 54 53.963930
22 54 53.951049
23 54 53.946438
24 54 53.938879
25 54 53.940357
26 54 53.939608
27 54 53.948459
28 54 53.957892
29 54 53.976660
30 54 53.992039
19 55 55.000760
20 55 54.980300
21 55 54.967818
22 55 54.955268
23 55 54.947242
24 55 54.940838
25 55 54.938043
26 55 54.938291
27 55 54.941997
28 55 54.951330
29 55 54.966038
30 55 54.983980
19 56 56.008510
20 56 55.985080
21 56 55.973450
22 56 55.957911
23 56 55.950484
24 56 55.940653
25 56 55.938903
26 56 55.934936
27 56 55.939838
28 56 55.942128
29 56 55.958950
30 56 55.972540
31 56 55.995360
20 57 56.992620
21 57 56.977770
22 57 56.963641
23 57 56.952518
24 57 56.943613
25 57 56.938286
26 57 56.935392
27 57 56.936290
28 57 56.939792
29 57 56.949212
30 57 56.965060
31 57 56.983200
20 58 57.997940
21 58 57.984030
22 58 57.966600
23 58 57.956715
24 58 57.944353
25 58 57.940066
26 58 57.933274
27 58 57.935752
28 58 57.935342
29 58 57.944533
30 58 57.954591
31 58 57.974780
32 58 57.991720
21 59 58.988940
22 59 58.972470
23 59 58.959385
24 59 58.948586
25 59 58.940391
26 59 58.934874
27 59 58.933194
28 59 58.934346
29 59 58.939497
30 59 58.949312
31 59 58.963530
32 59 58.982490
21 60 59.995650
22 60 59.976030
23 60 59.964313
24 60 59.950076
25 60 59.943136
26 60 59.934071
27 60 59.933816
28 60 59.930785
29 60 59.937364
30 60 59.941842
31 60 59.957290
32 60 59.970360
33 60 59.993880
21 61 61.001000
22 61 60.982450
23 61 60.967250
24 61 60.954422
25 61 60.944452
26 61 60.936746
27 61 60.932476
28 61 60.931055
29 61 60.933457
30 61 60.939507
31 61 60.949398
32 61 60.963790
33 61 60.981120
22 62 61.986510
23 62 61.972650
24 62 61.956097
25 62 61.947954
26 62 61.936791
27 62 61.934058
28 62 61.928345
29 62 61.932595
30 62 61.934333
31 62 61.944190
32 62 61.955020
33 62 61.973610
22 63 62.993750
23 63 62.976390
24 63 62.961650
25 63 62.949664
26 63 62.940272
27 63 62.933600
28 63 62.929669
29 63 62.929597
30 63 62.933211
31 63 62.939294
32 63 62.949628
33 63 62.963900
23 64 63.982640
24 64 63.964080
25 64 63.953849
26 64 63.940987
27 64 63.935810
28 64 63.927966
29 64 63.929764
30 64 63.929142
31 64 63.936840
32 64 63.941689
33 64 63.957432
34 64 63.971090
23 65 64.987500
24 65 64.969960
25 65 64.956019
26 65 64.945011
27 65 64.936462
28 65 64.930085
29 65 64.927789
30 65 64.929240
31 65 64.932734
32 65 64.939368
33 65 64.949611
34 65 64.964400
23 66 65.993980
24 66 65.973660
25 66 65.960546
26 66 65.946249
27 66 65.939442
28 66 65.929139
29 66 65.928869
30 66 65.926033
31 66 65.931589
32 66 65.933862
33 66 65.944148
34 66 65.955590
24 67 66.980160
25 67 66.964240
26 67 66.950543
27 67 66.940609
28 67 66.931569
29 67 66.927730
30 67 66.927127
31 67 66.928202
32 67 66.932733
33 67 66.939251
34 67 66.949994
35 67 66.964650
24 68 67.984030
25 68 67.969620
26 68 67.952951
27 68 67.944257
28 68 67.931868
29 68 67.929610
30 68 67.924844
31 68 67.927980
32 68 67.928095
33 68 67.936774
34 68 67.941825
35 68 67.958732
25 69 68.973660
26 69 68.958070
27 69 68.946141
28 69 68.935610
29 69 68.929429
30 69 68.926550
31 69 68.925573
32 69 68.927964
33 69 68.932246
34 69 68.939414
35 69 68.950497
36 69 68.965180
25 70 69.979370
26 70 69.961020
27 70 69.949630
28 70 69.936431
29 70 69.932392
30 70 69.925319
31 70 69.926021
32 70 69.924248
33 70 69.930926
34 70 69.933515
35 70 69.944792
36 70 69.956040
25 71 70.983680
26 71 70.966720
27 71 70.952366
28 71 70.940518
29 71 70.932676
30 71 70.927719
31 71 70.924702
32 71 70.924952
33 71 70.927113
34 71 70.932209
35 71 70.939342
36 71 70.950265
37 71 70.965320
26 72 71.969830
27 72 71.957290
28 72 71.941785
29 72 71.935820
30 72 71.926842
31 72 71.926367
32 72 71.922075
33 72 71.926752
34 72 71.927140
35 72 71.936588
36 72 71.942092
37 72 71.959080
26 73 72.975720
27 73 72.960390
28 73 72.946206
29 73 72.936674
30 73 72.929582
31 73 72.925174
32 73 72.923458
33 73 72.923829
34 73 72.926754
35 73 72.931671
36 73 72.939289
37 73 72.950529
38 73 72.965700
26 74 73.979350
27 74 73.965150
28 74 73.947980
29 74 73.939874
30 74 73.929407
31 74 73.926945
32 74 73.921177
33 74 73.923928
34 74 73.922475
35 74 73.929910
36 74 73.933084
37 74 73.944265
38 74 73.956170
27 75 74.968760
28 75 74.952500
29 75 74.941522
30 75 74.932840
31 75 74.926500
32 75 74.922858
33 75 74.921594
34 75 74.922522
35 75 74.925810
36 75 74.930945
37 75 74.938573
38 75 74.949952
27 76 75.974130
28 76 75.955330
29 76 75.945275
30 76 75.933114
31 76 75.928827
32 76 75.921402
33 76 75.922392
34 76 75.919213
35 76 75.924541
36 76 75.925910
37 76 75.935073
38 76 75.941762
39 76 75.958560
28 77 76.960550
29 77 76.947920
30 77 76.936887
31 77 76.929154
32 77 76.923549
33 77 76.920647
34 77 76.919914
35 77 76.921379
36 77 76.924670
37 77 76.930401
38 77 76.937945
39 77 76.949781
28 78 77.963360
29 78 77.952230
30 78 77.938289
31 78 77.931608
32 78 77.922852
33 78 77.921827
34 78 77.917309
35 78 77.921145
36 78 77.920364
37 78 77.928141
38 78 77.932179
39 78 77.943610
40 78 77.955660
28 79 78.970252
29 79 78.955020
30 79 78.942638
31 79 78.932852
32 79 78.925360
33 79 78.920948
34 79 78.918499
35 79 78.918337
36 79 78.920082
37 79 78.923989
38 79 78.929707
39 79 78.937351
40 79 78.949480
29 80 79.960890
30 80 79.944552
31 80 79.936420
32 80 79.925350
33 80 79.922474
34 80 79.916521
35 80 79.918529
36 80 79.916378
37 80 79.922516
38 80 79.924517
39 80 79.934356
40 80 79.940400
29 81 80.965872
30 81 80.950402
31 81 80.938133
32 81 80.928832
33 81 80.922132
34 81 80.917993
35 81 80.916289
36 81 80.916591
37 81 80.918993
38 81 80.923211
39 81 80.929455
40 81 80.937308
41 81 80.949600
29 82 81.972442
30 82 81.954260
31 82 81.943176
32 82 81.929774
33 82 81.924741
34 82 81.916699
35 82 81.916803
36 82 81.913482
37 82 81.918209
38 82 81.918399
39 82 81.926931
40 82 81.931354
41 82 81.943960
30 83 82.960560
31 83 82.947120
32 83 82.934539
33 83 82.925206
34 83 82.919118
35 83 82.915175
36 83 82.914127
37 83 82.915114
38 83 82.917554
39 83 82.922485
40 83 82.929242
41 83 82.937293
42 83 82.949880
30 84 83.965206
31 84 83.952460
32 84 83.937575
33 84 83.929303
34 84 83.918466
35 84 83.916496
36 84 83.911497
37 84 83.914375
38 84 83.913419
39 84 83.920672
40 84 83.923326
41 84 83.934492
42 84 83.941490
30 85 84.972260
31 85 84.956990
32 85 84.942969
33 85 84.932163
34 85 84.922260
35 85 84.915645
36 85 84.912527
37 85 84.911789
38 85 84.912932
39 85 84.916433
40 85 84.921444
41 85 84.928845
42 85 84.938260
43 85 84.950580
31 86 85.963010
32 86 85.946580
33 86 85.936701
34 86 85.924311
35 86 85.918805
36 86 85.910610
37 86 85.911167
38 86 85.909260
39 86 85.914885
40 86 85.916297
41 86 85.925782
42 86 85.931174
43 86 85.944930
31 87 86.968245
32 87 86.952680
33 87 86.940291
34 87 86.928688
35 87 86.920674
36 87 86.913354
37 87 86.909180
38 87 86.908877
39 87 86.910876
40 87 86.914817
41 87 86.920693
42 87 86.928196
43 87 86.938067
44 87 86.950690
32 88 87.956910
33 88 87.945550
34 88 87.931417
35 88 87.924083
36 88 87.914447
37 88 87.911315
38 88 87.905612
39 88 87.909501
40 88 87.910221
41 88 87.918221
42 88 87.921967
43 88 87.933782
44 88 87.941600
32 89 88.963790
33 89 88.949760
34 89 88.936669
35 89 88.926704
36 89 88.917835
37 89 88.912278
38 89 88.907451
39 89 88.905840
40 89 88.908881
41 89 88.913445
42 89 88.919468
43 89 88.927648
44 89 88.937620
45 89 88.950584
32 90 89.968630
33 90 89.955630
34 90 89.940096
35 90 89.931292
36 90 89.919527
37 90 89.914798
38 90 89.907730
39 90 89.907143
40 90 89.904697
41 90 89.911258
42 90 89.913930
43 90 89.924073
44 90 89.930344
45 90 89.944220
33 91 90.960390
34 91 90.945960
35 91 90.934398
36 91 90.923806
37 91 90.916537
38 91 90.910195
39 91 90.907297
40 91 90.905639
41 91 90.906989
42 91 90.911745
43 91 90.918425
44 91 90.926741
45 91 90.936880
46 91 90.950320
33 92 91.966740
34 92 91.949840
35 92 91.939631
36 92 91.926173
37 92 91.919728
38 92 91.911038
39 92 91.908945
40 92 91.905034
41 92 91.907188
42 92 91.906807
43 92 91.915269
44 92 91.920234
45 92 91.932367
46 92 91.940880
34 93 92.956290
35 93 92.943134
36 93 92.931147
37 93 92.922039
38 93 92.914024
39 93 92.909577
40 93 92.906469
41 93 92.906373
42 93 92.906809
43 93 92.910245
44 93 92.917104
45 93 92.925912
46 93 92.936511
47 93 92.950330
34 94 93.960490
35 94 93.948900
36 94 93.934140
37 94 93.926394
38 94 93.915355
39 94 93.911590
40 94 93.906310
41 94 93.907278
42 94 93.905084
43 94 93.909653
44 94 93.911342
45 94 93.921730
46 94 93.929037
47 94 93.943734
34 95 94.967300
35 95 94.953010
36 95 94.939710
37 95 94.929260
38 95 94.919352
39 95 94.912816
40 95 94.908038
41 95 94.906832
42 95 94.905838
43 95 94.907653
44 95 94.910405
45 95 94.915897
46 95 94.924889
47 95 94.936020
48 95 94.949940
35 96 95.959030
36 96 95.943016
37 96 95.934133
38 96 95.921706
39 96 95.915896
40 96 95.908271
41 96 95.908097
42 96 95.904676
43 96 95.907868
44 96 95.907590
45 96 95.914453
46 96 95.918215
47 96 95.930743
48 96 95.940340
35 97 96.963440
36 97 96.949088
37 97 96.937177
38 97 96.926373
39 97 96.918274
40 97 96.910951
41 97 96.908095
42 97 96.906018
43 97 96.906366
44 97 96.907547
45 97 96.911329
46 97 96.916471
47 97 96.923965
48 97 96.935100
49 97 96.949340
35 98 97.969460
36 98 97.952430
37 98 97.941686
38 98 97.928688
39 98 97.922382
40 98 97.912728
41 98 97.910326
42 98 97.905404
43 98 97.907212
44 98 97.905286
45 98 97.910707
46 98 97.912698
47 98 97.921559
48 98 97.927389
49 98 97.942140
36 99 98.958390
37 99 98.945028
38 99 98.932890
39 99 98.924147
40 99 98.916666
41 99 98.911613
42 99 98.907708
43 99 98.906250
44 99 98.905934
45 99 98.908128
46 99 98.911774
47 99 98.917645
48 99 98.924925
49 99 98.934110
50 99 98.948530
36 100 99.962370
37 100 99.950030
38 100 99.935769
39 100 99.927714
40 100 99.918000
41 100 99.914327
42 100 99.907471
43 100 99.907653
44 100 99.904214
45 100 99.908117
46 100 99.908504
47 100 99.916115
48 100 99.920348
49 100 99.930957
50 100 99.938504
36 101 100.968730
37 101 100.954039
38 101 100.940351
39 101 100.930147
40 101 100.921447
41 101 100.915310
42 101 100.910341
43 101 100.907309
44 101 100.905576
45 101 100.906160
46 101 100.908286
47 101 100.912683
48 101 100.918586
49 101 100.926340
50 101 100.935259
37 102 101.959520
38 102 101.943790
39 102 101.934327
40 102 101.923140
41 102 101.918077
42 102 101.910283
43 102 101.909209
44 102 101.904344
45 102 101.906837
46 102 101.905602
47 102 101.911704
48 102 101.914481
49 102 101.924107
50 102 101.930290
37 103 102.963920
38 103 102.949090
39 103 102.937243
40 103 102.927190
41 103 102.919457
42 103 102.913078
43 103 102.909176
44 103 102.906318
45 103 102.905497
46 103 102.906080
47 103 102.908963
48 103 102.913416
49 103 102.919881
50 103 102.928105
51 103 102.939690
38 104 103.952650
39 104 103.941960
40 104 103.929435
41 104 103.922892
42 104 103.913734
43 104 103.911424
44 104 103.905427
45 104 103.906649
46 104 103.904030
47 104 103.908623
48 104 103.909856
49 104 103.918214
50 104 103.923105
51 104 103.936477
38 105 104.958550
39 105 104.945440
40 105 104.934008
41 105 104.924946
42 105 104.916968
43 105 104.911654
44 105 104.907747
45 105 104.905688
46 105 104.905079
47 105 104.906525
48 105 104.909463
49 105 104.914502
50 105 104.921268
51 105 104.931275
52 105 104.943304
38 106 105.962651
39 106 105.950560
40 106 105.936760
41 106 105.928931
42 106 105.918259
43 106 105.914357
44 106 105.907329
45 106 105.907286
46 106 105.903480
47 106 105.906663
48 106 105.906459
49 106 105.913463
50 106 105.916957
51 106 105.928637
52 106 105.937499
38 107 106.968975
39 107 106.954520
40 107 106.941740
41 107 106.931593
42 107 106.922105
43 107 106.915460
44 107 106.909972
45 107 106.906747
46 107 106.905128
47 107 106.905091
48 107 106.906612
49 107 106.910290
50 107 106.915713
51 107 106.924150
52 107 106.935011
53 107 106.946780
39 108 107.959960
40 108 107.944870
41 108 107.936074
42 108 107.924033
43 108 107.918495
44 108 107.910188
45 108 107.908714
46 108 107.903891
47 108 107.905950
48 108 107.904183
49 108 107.909693
50 108 107.911894
51 108 107.922226
52 108 107.929380
53 108 107.943481
39 109 108.964358
40 109 108.950410
41 109 108.939216
42 109 108.928424
43 109 108.920256
44 109 108.913325
45 109 108.908748
46 109 108.905950
47 109 108.904755
48 109 108.904986
49 109 108.907151
50 109 108.911292
51 109 108.918141
52 109 108.927304
53 109 108.938085
54 109 108.950434
40 110 109.953960
41 110 109.944030
42 110 109.930703
43 110 109.923743
44 110 109.914040
45 110 109.911079
46 110 109.905172
47 110 109.906110
48 110 109.903006
49 110 109.907169
50 110 109.907844
51 110 109.916854
52 110 109.922458
53 110 109.935089
54 110 109.944263
40 111 110.959678
41 111 110.947530
42 111 110.935654
43 111 110.925901
44 111 110.917569
45 111 110.911642
46 111 110.907689
47 111 110.905295
48 111 110.904182
49 111 110.905108
50 111 110.907740
51 111 110.913218
52 111 110.921000
53 111 110.930269
54 111 110.941607
40 112 111.963703
41 112 111.952470
42 112 111.938310
43 112 111.929945
44 112 111.918809
45 112 111.914403
46 112 111.907329
47 112 111.907048
48 112 111.902762
49 112 111.905537
50 112 111.904823
51 112 111.912399
52 112 111.916727
53 112 111.928004
54 112 111.935558
55 112 111.950308
41 113 112.956510
42 113 112.943350
43 113 112.932569
44 113 112.922843
45 113 112.915439
46 113 112.910261
47 113 112.906572
48 113 112.904408
49 113 112.904061
50 113 112.905175
51 113 112.909374
52 113 112.915891
53 113 112.923650
54 113 112.933221
55 113 112.944429
41 114 113.962010
42 114 113.946530
43 114 113.936910
44 114 113.924613
45 114 113.918718
46 114 113.910368
47 114 113.908823
48 114 113.903365
49 114 113.904917
50 114 113.902782
51 114 113.909290
52 114 113.912089
53 114 113.921850
54 114 113.927980
55 114 113.941296
56 114 113.950660
41 115 114.966340
42 115 114.951960
43 115 114.939980
44 115 114.928819
45 115 114.920311
46 115 114.913658
47 115 114.908767
48 115 114.905437
49 115 114.903878
50 115 114.903344
51 115 114.906598
52 115 114.911902
53 115 114.918048
54 115 114.926293
55 115 114.935910
56 115 114.947370
42 116 115.955448
43 116 115.944760
44 116 115.931219
45 116 115.924058
46 116 115.914296
47 116 115.911386
48 116 115.904763
49 116 115.905259
50 116 115.901742
51 116 115.906793
52 116 115.908460
53 116 115.916808
54 116 115.921581
55 116 115.933373
56 116 115.941280
57 116 115.956304
42 117 116.961170
43 117 116.948060
44 117 116.936103
45 117 116.926035
46 117 116.917954
47 117 116.911773
48 117 116.907225
49 117 116.904515
50 117 116.902953
51 117 116.904841
52 117 116.908646
53 117 116.913648
54 117 116.920358
55 117 116.928616
56 117 116.938140
57 117 116.949985
43 118 117.952990
44 118 117.938530
45 118 117.930340
46 118 117.919066
47 118 117.914595
48 118 117.906921
49 118 117.906356
50 118 117.901606
51 118 117.905532
52 118 117.905853
53 118 117.913074
54 118 117.916178
55 118 117.926559
56 118 117.933060
57 118 117.946730
43 119 118.956660
44 119 118.943570
45 119 118.932556
46 119 118.923340
47 119 118.915570
48 119 118.909846
49 119 118.905850
50 119 118.903311
51 119 118.903945
52 119 118.906407
53 119 118.910074
54 119 118.915410
55 119 118.922377
56 119 118.930659
57 119 118.940990
58 119 118.952710
43 120 119.961870
44 120 119.946310
45 120 119.936860
46 120 119.924551
47 120 119.918784
48 120 119.909868
49 120 119.907966
50 120 119.902201
51 120 119.905079
52 120 119.904059
53 120 119.910087
54 120 119.911784
55 120 119.920677
56 120 119.926045
57 120 119.938070
58 120 119.946540
44 121 120.951640
45 121 120.939420
46 121 120.928950
47 121 120.920125
48 121 120.912963
49 121 120.907851
50 121 120.904242
51 121 120.903811
52 121 120.904943
53 121 120.907405
54 121 120.911453
55 121 120.917227
56 121 120.924052
57 121 120.933150
58 121 120.943350
59 121 120.955320
44 122 121.954470
45 122 121.943990
46 122 121.930631
47 122 121.923664
48 122 121.913459
49 122 121.910280
50 122 121.903443
51 122 121.905169
52 122 121.903043
53 122 121.907588
54 122 121.908367
55 122 121.916108
56 122 121.919904
57 122 121.930710
58 122 121.937870
59 122 121.951750
44 123 122.959890
45 123 122.946850
46 123 122.935140
47 123 122.925337
48 123 122.916892
49 123 122.910433
50 123 122.905725
51 123 122.904213
52 123 122.904269
53 123 122.905588
54 123 122.908481
55 123 122.912996
56 123 122.918781
57 123 122.926300
58 123 122.935280
59 123 122.945960
44 124 123.963050
45 124 123.951510
46 124 123.937140
47 124 123.928931
48 124 123.917657
49 124 123.913182
50 124 123.905276
51 124 123.905934
52 124 123.902817
53 124 123.906209
54 124 123.905891
55 124 123.912257
56 124 123.915093
57 124 123.924574
58 124 123.930310
59 124 123.942940
60 124 123.952200
45 125 124.954690
46 125 124.941790
47 125 124.931046
48 125 124.921257
49 125 124.913604
50 125 124.907786
51 125 124.905253
52 125 124.904429
53 125 124.904629
54 125 124.906394
55 125 124.909727
56 125 124.914471
57 125 124.920815
58 125 124.928440
59 125 124.937700
60 125 124.948900
45 126 125.959460
46 126 125.944160
47 126 125.934750
48 126 125.922429
49 126 125.916507
50 126 125.907658
51 126 125.907252
52 126 125.903310
53 126 125.905623
54 126 125.904298
55 126 125.909446
56 126 125.911250
57 126 125.919512
58 126 125.923971
59 126 125.935240
60 126 125.943110
61 126 125.957920
46 127 126.949070
47 127 126.937110
48 127 126.926472
49 127 126.917446
50 127 126.910389
51 127 126.906924
52 127 126.905225
53 127 126.904471
54 127 126.905182
55 127 126.907417
56 127 126.911091
57 127 126.916375
58 127 126.922727
59 127 126.930710
60 127 126.940380
61 127 126.951920
46 128 127.951830
47 128 127.941060
48 128 127.927812
49 128 127.920401
50 128 127.910507
51 128 127.909145
52 128 127.904461
53 128 127.905808
54 128 127.903531
55 128 127.907748
56 128 127.908341
57 128 127.915592
58 128 127.918911
59 128 127.928791
60 128 127.935250
61 128 127.948700
62 128 127.958420
47 129 128.943950
48 129 128.931820
49 129 128.921805
50 129 128.913464
51 129 128.909146
52 129 128.906596
53 129 128.904983
54 129 128.904780
55 129 128.906065
56 129 128.908680
57 129 128.912694
58 129 128.918102
59 129 128.925095
60 129 128.933102
61 129 128.943230
62 129 128.954760
47 130 129.950703
48 130 129.933940
49 130 129.924976
50 130 129.913973
51 130 129.911662
52 130 129.906222
53 130 129.906670
54 130 129.903509
55 130 129.906709
56 130 129.906320
57 130 129.912369
58 130 129.914736
59 130 129.923590
60 130 129.928506
61 130 129.940530
62 130 129.949000
63 130 129.963689
48 131 130.940600
49 131 130.926971
50 131 130.917044
51 131 130.911988
52 131 130.908522
53 131 130.906126
54 131 130.905084
55 131 130.905464
56 131 130.906940
57 131 130.910070
58 131 130.914429
59 131 130.920234
60 131 130.927248
61 131 130.935670
62 131 130.946180
63 131 130.957842
48 132 131.946040
49 132 131.933001
50 132 131.917826
51 132 131.914507
52 132 131.908546
53 132 131.907993
54 132 131.904155
55 132 131.906433
56 132 131.905061
57 132 131.910118
58 132 131.911463
59 132 131.919255
60 132 131.923321
61 132 131.933840
62 132 131.940870
63 132 131.954670
48 133 132.952850
49 133 132.938310
50 133 132.923913
51 133 132.915273
52 133 132.910968
53 133 132.907796
54 133 132.905910
55 133 132.905451
56 133 132.906007
57 133 132.908218
58 133 132.911520
59 133 132.916330
60 133 132.922348
61 133 132.929782
62 133 132.938560
63 133 132.949290
64 133 132.961330
49 134 133.944540
50 134 133.928682
51 134 133.920535
52 134 133.911393
53 134 133.909758
54 134 133.905394
55 134 133.906718
56 134 133.904508
57 134 133.908514
58 134 133.908928
59 134 133.915696
60 134 133.918790
61 134 133.928353
62 134 133.934110
63 134 133.946400
64 134 133.955660
49 135 134.950050
50 135 134.934908
51 135 134.925185
52 135 134.916555
53 135 134.910048
54 135 134.907227
55 135 134.905977
56 135 134.905688
57 135 134.906984
58 135 134.909160
59 135 134.913111
60 135 134.918181
61 135 134.924823
62 135 134.932520
63 135 134.941870
64 135 134.952450
65 135 134.964760
50 136 135.939990
51 136 135.930745
52 136 135.920100
53 136 135.914604
54 136 135.907214
55 136 135.907311
56 136 135.904575
57 136 135.907634
58 136 135.907129
59 136 135.912677
60 136 135.914976
61 136 135.923584
62 136 135.928275
63 136 135.939620
64 136 135.947300
65 136 135.961290
50 137 136.946550
51 137 136.935555
52 137 136.925598
53 137 136.918028
54 137 136.911557
55 137 136.907089
56 137 136.905827
57 137 136.906450
58 137 136.907762
59 137 136.910679
60 137 136.914562
61 137 136.920479
62 137 136.926970
63 137 136.935460
64 137 136.945020
65 137 136.956020
50 138 137.951840
51 138 137.941450
52 138 137.929472
53 138 137.922726
54 138 137.914146
55 138 137.911017
56 138 137.905246
57 138 137.907114
58 138 137.905991
59 138 137.910754
60 138 137.911949
61 138 137.919548
62 138 137.923243
63 138 137.933709
64 138 137.940250
65 138 137.953120
66 138 137.962500
51 139 138.946550
52 139 138.935367
53 139 138.926506
54 139 138.918792
55 139 138.913363
56 139 138.908841
57 139 138.906356
58 139 138.906655
59 139 138.908940
60 139 138.911953
61 139 138.916799
62 139 138.922296
63 139 138.929792
64 139 138.938130
65 139 138.948330
66 139 138.959590
51 140 139.952830
52 140 139.939498
53 140 139.931727
54 140 139.921645
55 140 139.917283
56 140 139.910605
57 140 139.909480
58 140 139.905443
59 140 139.909080
60 140 139.909549
61 140 139.916039
62 140 139.918994
63 140 139.928087
64 140 139.933674
65 140 139.945805
66 140 139.954020
67 140 139.968589
52 141 140.945800
53 141 140.935690
54 141 140.926787
55 141 140.920045
56 141 140.914403
57 141 140.910966
58 141 140.908280
59 141 140.907657
60 141 140.909614
61 141 140.913555
62 141 140.918481
63 141 140.924931
64 141 140.932126
65 141 140.941448
66 141 140.951280
67 141 140.963108
52 142 141.950220
53 142 141.941202
54 142 141.929973
55 142 141.924295
56 142 141.916432
57 142 141.914090
58 142 141.909250
59 142 141.910049
60 142 141.907728
61 142 141.912890
62 142 141.915204
63 142 141.923441
64 142 141.928116
65 142 141.939280
66 142 141.946194
67 142 141.960010
68 142 141.970100
52 143 142.956760
53 143 142.945650
54 143 142.935369
55 143 142.927349
56 143 142.920625
57 143 142.916079
58 143 142.912392
59 143 142.910822
60 143 142.909819
61 143 142.910938
62 143 142.914635
63 143 142.920298
64 143 142.926750
65 143 142.935137
66 143 142.943994
67 143 142.954860
68 143 142.966620
53 144 143.951390
54 144 143.938945
55 144 143.932076
56 144 143.922954
57 144 143.919645
58 144 143.913652
59 144 143.913310
60 144 143.910092
61 144 143.912596
62 144 143.912006
63 144 143.918819
64 144 143.922963
65 144 143.933045
66 144 143.939269
67 144 143.952109
68 144 143.960700
69 144 143.976283
53 145 144.956050
54 145 144.944719
55 145 144.935527
56 145 144.927518
57 145 144.921808
58 145 144.917265
59 145 144.914518
60 145 144.912579
61 145 144.912755
62 145 144.913417
63 145 144.916272
64 145 144.921712
65 145 144.928821
66 145 144.937473
67 145 144.947267
68 145 144.958050
69 145 144.970389
54 146 145.948518
55 146 145.940344
56 146 145.930283
57 146 145.925875
58 146 145.918802
59 146 145.917679
60 146 145.913122
61 146 145.914702
62 146 145.913046
63 146 145.917211
64 146 145.918318
65 146 145.927252
66 146 145.932844
67 146 145.944993
68 146 145.952418
69 146 145.966837
54 147 146.954260
55 147 146.944156
56 147 146.935303
57 147 146.928417
58 147 146.922689
59 147 146.919007
60 147 146.916106
61 147 146.915144
62 147 146.914904
63 147 146.916752
64 147 146.919101
65 147 146.924054
66 147 146.931082
67 147 146.940142
68 147 146.949964
69 147 146.961379
54 148 147.958130
55 148 147.949225
56 148 147.938170
57 148 147.932679
58 148 147.924424
59 148 147.922130
60 148 147.916899
61 148 147.917481
62 148 147.914829
63 148 147.918089
64 148 147.918121
65 148 147.924281
66 148 147.927156
67 148 147.937743
68 148 147.944735
69 148 147.958384
70 148 147.967580
55 149 148.953020
56 149 148.943080
57 149 148.935351
58 149 148.928426
59 149 148.923736
60 149 148.920154
61 149 148.918342
62 149 148.917192
63 149 148.917937
64 149 148.919348
65 149 148.923253
66 149 148.927321
67 149 148.933802
68 149 148.942306
69 149 148.952890
70 149 148.964360
55 150 149.958330
56 150 149.946050
57 150 149.939470
58 150 149.930384
59 150 149.926676
60 150 149.920902
61 150 149.920990
62 150 149.917282
63 150 149.919707
64 150 149.918664
65 150 149.923664
66 150 149.925593
67 150 149.933498
68 150 149.937915
69 150 149.950090
70 150 149.958520
71 150 149.973548
55 151 150.962580
56 151 150.951270
57 151 150.942320
58 151 150.934272
59 151 150.928309
60 151 150.923840
61 151 150.921217
62 151 150.919939
63 151 150.919857
64 151 150.920355
65 151 150.923109
66 151 150.926191
67 151 150.931698
68 151 150.937448
69 151 150.945487
70 151 150.955402
71 151 150.967677
56 152 151.954810
57 152 151.946820
58 152 151.936600
59 152 151.931552
60 152 151.924692
61 152 151.923506
62 152 151.919739
63 152 151.921752
64 152 151.919799
65 152 151.924082
66 152 151.924725
67 152 151.931723
68 152 151.935057
69 152 151.944422
70 152 151.950272
71 152 151.964120
56 153 152.960360
57 153 152.950360
58 153 152.940930
59 153 152.933903
60 153 152.927717
61 153 152.924156
62 153 152.922104
63 153 152.921238
64 153 152.921758
65 153 152.923442
66 153 152.925772
67 153 152.930206
68 153 152.935080
69 153 152.942040
70 153 152.949320
71 153 152.958751
72 153 152.970690
57 154 153.955170
58 154 153.943800
59 154 153.937525
60 154 153.929484
61 154 153.926471
62 154 153.922216
63 154 153.922986
64 154 153.920874
65 154 153.924684
66 154 153.924429
67 154 153.930606
68 154 153.932790
69 154 153.941570
70 154 153.946395
71 154 153.957364
72 154 153.964860
57 155 154.959010
58 155 154.948550
59 155 154.940509
60 155 154.933135
61 155 154.928137
62 155 154.924647
63 155 154.922901
64 155 154.922630
65 155 154.923510
66 155 154.925759
67 155 154.929104
68 155 154.933215
69 155 154.939209
70 155 154.945783
71 155 154.954320
72 155 154.963110
73 155 154.974245
58 156 155.951830
59 156 155.944640
60 156 155.935078
61 156 155.931117
62 156 155.925536
63 156 155.924760
64 156 155.922131
65 156 155.924755
66 156 155.924284
67 156 155.929706
68 156 155.931067
69 156 155.938991
70 156 155.942824
71 156 155.953032
72 156 155.959347
73 156 155.972030
58 157 156.957050
59 157 156.947890
60 157 156.939386
61 157 156.933121
62 157 156.928418
63 157 156.925433
64 157 156.923968
65 157 156.924033
66 157 156.925470
67 157 156.928254
68 157 156.931948
69 157 156.936944
70 157 156.942645
71 157 156.950126
72 157 156.958236
73 157 156.968176
74 157 156.978840
59 158 157.952410
60 158 157.941970
61 158 157.936565
62 158 157.929951
63 158 157.927798
64 158 157.924112
65 158 157.925420
66 158 157.924415
67 158 157.928945
68 158 157.929893
69 158 157.936979
70 158 157.939870
71 158 157.949315
72 158 157.954801
73 158 157.966541
74 158 157.974562
59 159 158.955890
60 159 158.946530
61 159 158.939286
62 159 158.933217
63 159 158.929100
64 159 158.926396
65 159 158.925354
66 159 158.925746
67 159 158.927719
68 159 158.930691
69 159 158.934975
70 159 158.940054
71 159 158.946635
72 159 158.953995
73 159 158.963022
74 159 158.972638
75 159 158.984179
60 160 159.949400
61 160 159.943100
62 160 159.935335
63 160 159.931850
64 160 159.927062
65 160 159.927175
66 160 159.925204
67 160 159.928736
68 160 159.929077
69 160 159.935263
70 160 159.937557
71 160 159.946033
72 160 159.950690
73 160 159.961487
74 160 159.968462
75 160 159.981823
60 161 160.954280
61 161 160.946070
62 161 160.939160
63 161 160.933664
64 161 160.929677
65 161 160.927577
66 161 160.926940
67 161 160.927861
68 161 160.930004
69 161 160.933549
70 161 160.937907
71 161 160.943572
72 161 160.950278
73 161 160.958452
74 161 160.967197
75 161 160.977572
76 161 160.989029
61 162 161.950220
62 162 161.941460
63 162 161.936988
64 162 161.930993
65 162 161.929495
66 162 161.926805
67 162 161.929102
68 162 161.928788
69 162 161.934002
70 162 161.935773
71 162 161.943282
72 162 161.947214
73 162 161.957294
74 162 161.963499
75 162 161.975844
76 162 161.984431
61 163 162.953570
62 163 162.945550
63 163 162.939195
64 163 162.934176
65 163 162.930654
66 163 162.928738
67 163 162.928741
68 163 162.930040
69 163 162.932659
70 163 162.936339
71 163 162.941179
72 163 162.947112
73 163 162.954337
74 163 162.962524
75 163 162.972079
76 163 162.982410
62 164 163.948360
63 164 163.942744
64 164 163.935830
65 164 163.933357
66 164 163.929181
67 164 163.930240
68 164 163.929208
69 164 163.933543
70 164 163.934494
71 164 163.941339
72 164 163.944370
73 164 163.953534
74 164 163.958960
75 164 163.970452
76 164 163.978021
77 164 163.991909
62 165 164.952970
63 165 164.945587
64 165 164.939360
65 165 164.934980
66 165 164.931710
67 165 164.930328
68 165 164.930734
69 165 164.932443
70 165 164.935270
71 165 164.939406
72 165 164.944567
73 165 164.950780
74 165 164.958280
75 165 164.967102
76 165 164.976602
77 165 164.987501
63 166 165.949620
64 166 165.941460
65 166 165.937859
66 166 165.932813
67 166 165.932290
68 166 165.930299
69 166 165.933560
70 166 165.933874
71 166 165.939859
72 166 165.942180
73 166 165.950512
74 166 165.955031
75 166 165.965760
76 166 165.972692
77 166 165.985664
78 166 165.994855
63 167 166.952890
64 167 166.945450
65 167 166.939960
66 167 166.935661
67 167 166.933138
68 167 166.932054
69 167 166.932856
70 167 166.934952
71 167 166.938270
72 167 166.942600
73 167 166.948093
74 167 166.954804
75 167 166.962595
76 167 166.971548
77 167 166.981666
78 167 166.992695
64 168 167.948080
65 168 167.943400
66 168 167.937133
67 168 167.935522
68 168 167.932376
69 168 167.934177
70 168 167.933889
71 168 167.938735
72 168 167.940568
73 168 167.948047
74 168 167.951805
75 168 167.961572
76 168 167.967807
77 168 167.979906
78 168 167.988128
64 169 168.952600
65 169 168.945970
66 169 168.940313
67 169 168.936878
68 169 168.934596
69 169 168.934217
70 169 168.935182
71 169 168.937644
72 169 168.941259
73 169 168.946011
74 169 168.951778
75 169 168.958766
76 169 168.967017
77 169 168.976298
78 169 168.986567
79 169 168.998080
65 170 169.949840
66 170 169.942390
67 170 169.939624
68 170 169.935470
69 170 169.935806
70 170 169.934766
71 170 169.938478
72 170 169.939609
73 170 169.946175
74 170 169.949231
75 170 169.958220
76 170 169.963578
77 170 169.974922
78 170 169.982496
79 170 169.995972
65 171 170.952730
66 171 170.946120
67 171 170.941471
68 171 170.938035
69 171 170.936433
70 171 170.936330
71 171 170.937916
72 171 170.940492
73 171 170.944476
74 171 170.949451
75 171 170.955716
76 171 170.963173
77 171 170.971640
78 171 170.981245
79 171 170.991875
80 171 171.003529
66 172 171.948460
67 172 171.944730
68 172 171.939361
69 172 171.938405
70 172 171.936385
71 172 171.939089
72 172 171.939449
73 172 171.944895
74 172 171.947292
75 172 171.955419
76 172 171.960017
77 172 171.970607
78 172 171.977350
79 172 171.989942
80 172 171.998808
66 173 172.952830
67 173 172.947020
68 173 172.942400
69 173 172.939608
70 173 172.938215
71 173 172.938934
72 173 172.940513
73 173 172.943750
74 173 172.947689
75 173 172.953243
76 173 172.959808
77 173 172.967505
78 173 172.976443
79 173 172.986240
80 173 172.997091
67 174 173.950950
68 174 173.944230
69 174 173.942172
70 174 173.938866
71 174 173.940340
72 174 173.940046
73 174 173.944454
74 174 173.946079
75 174 173.953115
76 174 173.957063
77 174 173.966861
78 174 173.972819
79 174 173.984717
80 174 173.992864
67 175 174.953620
68 175 174.947770
69 175 174.943841
70 175 174.941280
71 175 174.940775
72 175 174.941509
73 175 174.943737
74 175 174.946717
75 175 174.951381
76 175 174.956945
77 175 174.964149
78 175 174.972409
79 175 174.981303
80 175 174.991440
68 176 175.949940
69 176 175.946999
70 176 175.942576
71 176 175.942689
72 176 175.941407
73 176 175.944857
74 176 175.945634
75 176 175.951623
76 176 175.954806
77 176 175.963650
78 176 175.968938
79 176 175.980250
80 176 175.987360
81 176 176.000624
68 177 176.953990
69 177 176.949040
70 177 176.945265
71 177 176.943761
72 177 176.943227
73 177 176.944479
74 177 176.946643
75 177 176.950328
76 177 176.954965
77 177 176.961301
78 177 176.968469
79 177 176.976870
80 177 176.986277
81 177 176.996430
69 178 177.952640
70 178 177.946651
71 178 177.945958
72 178 177.943705
73 178 177.945678
74 178 177.945883
75 178 177.950989
76 178 177.953253
77 178 177.961082
78 178 177.965649
79 178 177.976031
80 178 177.982483
81 178 177.994854
82 178 178.003831
69 179 178.955340
70 179 178.950040
71 179 178.947330
72 179 178.945823
73 179 178.945936
74 179 178.947077
75 179 178.949989
76 179 178.953816
77 179 178.959120
78 179 178.965358
79 179 178.973173
80 179 178.981831
81 179 178.991110
82 179 179.002201
70 180 179.952120
71 180 179.949888
72 180 179.946557
73 180 179.947464
74 180 179.946710
75 180 179.950791
76 180 179.952375
77 180 179.959229
78 180 179.963031
79 180 179.972523
80 180 179.978260
81 180 179.990056
82 180 179.997928
70 181 180.955890
71 181 180.951908
72 181 180.949108
73 181 180.947995
74 181 180.948197
75 181 180.950057
76 181 180.953247
77 181 180.957625
78 181 180.963097
79 181 180.970079
80 181 180.977819
81 181 180.986259
82 181 180.996653
71 182 181.955040
72 182 181.950561
73 182 181.950151
74 182 181.948203
75 182 181.951209
76 182 181.952110
77 182 181.958076
78 182 181.961171
79 182 181.969617
80 182 181.974689
81 182 181.985713
82 182 181.992672
71 183 182.957363
72 183 182.953530
73 183 182.951372
74 183 182.950222
75 183 182.950819
76 183 182.953124
77 183 182.956839
78 183 182.961596
79 183 182.967590
80 183 182.974444
81 183 182.982192
82 183 182.991872
71 184 183.960910
72 184 183.955446
73 184 183.954007
74 184 183.950930
75 184 183.952522
76 184 183.952488
77 184 183.957476
78 184 183.959915
79 184 183.967451
80 184 183.971713
81 184 183.981885
82 184 183.988135
83 184 184.001274
71 185 184.963620
72 185 184.958862
73 185 184.955559
74 185 184.953418
75 185 184.952954
76 185 184.954041
77 185 184.956698
78 185 184.960613
79 185 184.965789
80 185 184.971899
81 185 184.978789
82 185 184.987610
83 185 184.997600
72 186 185.960897
73 186 185.958550
74 186 185.954362
75 186 185.954985
76 186 185.953835
77 186 185.957944
78 186 185.959350
79 186 185.965952
80 186 185.969362
81 186 185.978650
82 186 185.984238
83 186 185.996643
84 186 186.004393
72 187 186.964770
73 187 186.960386
74 187 186.957158
75 187 186.955750
76 187 186.955747
77 187 186.957542
78 187 186.960616
79 187 186.964543
80 187 186.969814
81 187 186.975906
82 187 186.983910
83 187 186.993147
84 187 187.003041
72 188 187.966850
73 188 187.963916
74 188 187.958486
75 188 187.958111
76 188 187.955835
77 188 187.958828
78 188 187.959388
79 188 187.965349
80 188 187.967566
81 188 187.976020
82 188 187.980874
83 188 187.992286
84 188 187.999415
72 189 188.970840
73 189 188.965830
74 189 188.961763
75 189 188.959226
76 189 188.958144
77 189 188.958715
78 189 188.960831
79 189 188.963948
80 189 188.968194
81 189 188.973588
82 189 188.980807
83 189 188.989194
84 189 188.998473
73 190 189.969390
74 190 189.963090
75 190 189.961744
76 190 189.958443
77 190 189.960541
78 190 189.959929
79 190 189.964698
80 190 189.966322
81 190 189.973828
82 190 189.978081
83 190 189.988621
84 190 189.995100
73 191 190.971560
74 191 190.966531
75 191 190.963121
76 191 190.960926
77 191 190.960589
78 191 190.961672
79 191 190.963702
80 191 190.967157
81 191 190.971784
82 191 190.978276
83 191 190.985786
84 191 190.994558
85 191 191.004147
73 192 191.975140
74 192 191.968170
75 192 191.966088
76 192 191.961476
77 192 191.962600
78 192 191.961038
79 192 191.964813
80 192 191.965634
81 192 191.972225
82 192 191.975775
83 192 191.985469
84 192 191.991335
85 192 192.003151
74 193 192.971780
75 193 192.967541
76 193 192.964147
77 193 192.962921
78 193 192.962982
79 193 192.964137
80 193 192.966652
81 193 192.970501
82 193 192.976173
83 193 192.982959
84 193 192.991025
85 193 192.999927
86 193 193.009707
74 194 193.973670
75 194 193.970760
76 194 193.965177
77 194 193.965073
78 194 193.962680
79 194 193.965417
80 194 193.965449
81 194 193.971081
82 194 193.974012
83 194 193.982785
84 194 193.988186
85 194 193.999236
86 194 194.006144
75 195 194.972540
76 195 194.968318
77 195 194.965974
78 195 194.964791
79 195 194.965035
80 195 194.966720
81 195 194.969774
82 195 194.974542
83 195 194.980648
84 195 194.988125
85 195 194.996268
86 195 195.005421
75 196 195.975800
76 196 195.969641
77 196 195.968397
78 196 195.964952
79 196 195.966569
80 196 195.965832
81 196 195.970481
82 196 195.972774
83 196 195.980666
84 196 195.985525
85 196 195.995799
86 196 196.002115
75 197 196.977990
76 197 196.972830
77 197 196.969655
78 197 196.967340
79 197 196.966568
80 197 196.967212
81 197 196.969575
82 197 196.973431
83 197 196.978865
84 197 196.985659
85 197 196.993189
86 197 197.001584
75 198 197.981600
76 198 197.974410
77 198 197.972280
78 198 197.967894
79 198 197.968242
80 198 197.966768
81 198 197.970483
82 198 197.972034
83 198 197.979206
84 198 197.983389
85 198 197.992784
86 198 197.998679
76 199 198.978010
77 199 198.973805
78 199 198.970595
79 199 198.968765
80 199 198.968280
81 199 198.969877
82 199 198.972912
83 199 198.977673
84 199 198.983667
85 199 198.990527
86 199 198.998389
87 199 199.007258
76 200 199.979840
77 200 199.976800
78 200 199.971442
79 200 199.970756
80 200 199.968326
81 200 199.970963
82 200 199.971818
83 200 199.978131
84 200 199.981798
85 200 199.990351
86 200 199.995690
87 200 200.006586
76 201 200.983640
77 201 200.978640
78 201 200.974513
79 201 200.971657
80 201 200.970302
81 201 200.970822
82 201 200.972882
83 201 200.977010
84 201 200.982259
85 201 200.988417
86 201 200.995628
87 201 201.003866
88 201 201.012712
76 202 201.985950
77 202 201.981990
78 202 201.975639
79 202 201.973856
80 202 201.970643
81 202 201.972102
82 202 201.972152
83 202 201.977733
84 202 201.980757
85 202 201.988630
86 202 201.993264
87 202 202.003320
88 202 202.009759
77 203 202.984230
78 203 202.978930
79 203 202.975154
80 203 202.972872
81 203 202.972344
82 203 202.973391
83 203 202.976892
84 203 202.981416
85 203 202.986942
86 203 202.993387
87 203 203.000940
88 203 203.009304
77 204 203.989600
78 204 203.980760
79 204 203.977831
80 204 203.973493
81 204 203.973863
82 204 203.973043
83 204 203.977836
84 204 203.980310
85 204 203.987251
86 204 203.991429
87 204 204.000652
88 204 204.006491
78 205 204.986080
79 205 204.979850
80 205 204.976073
81 205 204.974427
82 205 204.974482
83 205 204.977386
84 205 204.981203
85 205 204.986075
86 205 204.991718
87 205 204.998593
88 205 205.006268
78 206 205.989660
79 206 205.984740
80 206 205.977514
81 206 205.976110
82 206 205.974465
83 206 205.978499
84 206 205.980473
85 206 205.986656
86 206 205.990214
87 206 205.998666
88 206 206.003828
89 206 206.014452
79 207 206.988400
80 207 206.982300
81 207 206.977419
82 207 206.975897
83 207 206.978471
84 207 206.981593
85 207 206.985800
86 207 206.990730
87 207 206.996946
88 207 207.003799
89 207 207.011965
79 208 207.993450
80 208 207.985759
81 208 207.982019
82 208 207.976652
83 208 207.979742
84 208 207.981246
85 208 207.986613
86 208 207.989634
87 208 207.997138
88 208 208.001841
89 208 208.011550
90 208 208.017900
79 209 208.997350
80 209 208.990720
81 209 208.985359
82 209 208.981090
83 209 208.980399
84 209 208.982430
85 209 208.986170
86 209 208.990414
87 209 208.995954
88 209 209.001990
89 209 209.009494
90 209 209.017752
79 210 210.002500
80 210 209.994240
81 210 209.990073
82 210 209.984188
83 210 209.984120
84 210 209.982874
85 210 209.987147
86 210 209.989689
87 210 209.996422
88 210 210.000494
89 210 210.009436
90 210 210.015093
80 211 210.999330
81 211 210.993475
82 211 210.988737
83 211 210.987269
84 211 210.986653
85 211 210.987496
86 211 210.990601
87 211 210.995555
88 211 211.000893
89 211 211.007731
90 211 211.014929
80 212 212.002960
81 212 211.998335
82 212 211.991897
83 212 211.991286
84 212 211.988868
85 212 211.990737
86 212 211.990703
87 212 211.996225
88 212 211.999786
89 212 212.007813
90 212 212.012987
91 212 212.023202
80 213 213.008230
81 213 213.001915
82 213 212.996562
83 213 212.994385
84 213 212.992857
85 213 212.992936
86 213 212.993883
87 213 212.996186
88 213 213.000384
89 213 213.006609
90 213 213.013009
91 213 213.021109
80 214 214.012000
81 214 214.006940
82 214 213.999805
83 214 213.998711
84 214 213.995201
85 214 213.996372
86 214 213.995362
87 214 213.998971
88 214 214.000099
89 214 214.006918
90 214 214.011500
91 214 214.020918
80 215 215.017400
81 215 215.010640
82 215 215.004741
83 215 215.001769
84 215 214.999420
85 215 214.998652
86 215 214.998745
87 215 215.000341
88 215 215.002720
89 215 215.006474
90 215 215.011724
91 215 215.019182
80 216 216.021320
81 216 216.015800
82 216 216.008030
83 216 216.006305
84 216 216.001915
85 216 216.002423
86 216 216.000271
87 216 216.003189
88 216 216.003533
89 216 216.008743
90 216 216.011056
91 216 216.019108
81 217 217.019660
82 217 217.013140
83 217 217.009372
84 217 217.006318
85 217 217.004719
86 217 217.003928
87 217 217.004632
88 217 217.006320
89 217 217.009343
90 217 217.013116
91 217 217.018325
92 217 217.024661
81 218 218.024790
82 218 218.016590
83 218 218.014188
84 218 218.008973
85 218 218.008694
86 218 218.005601
87 218 218.007578
88 218 218.007140
89 218 218.011641
90 218 218.013276
91 218 218.020058
92 218 218.023523
82 219 219.021770
83 219 219.017480
84 219 219.013614
85 219 219.011161
86 219 219.009480
87 219 219.009252
88 219 219.010085
89 219 219.012420
90 219 219.015537
91 219 219.019904
92 219 219.024999
93 219 219.031430
82 220 220.025410
83 220 220.022350
84 220 220.016386
85 220 220.015433
86 220 220.011394
87 220 220.012327
88 220 220.011025
89 220 220.014754
90 220 220.015748
91 220 220.021705
92 220 220.024620
93 220 220.032540
83 221 221.025870
84 221 221.021228
85 221 221.018017
86 221 221.015537
87 221 221.014255
88 221 221.013917
89 221 221.015591
90 221 221.018184
91 221 221.021874
92 221 221.026284
93 221 221.032040
83 222 222.030780
84 222 222.024140
85 222 222.022494
86 222 222.017578
87 222 222.017552
88 222 222.015374
89 222 222.017844
90 222 222.018468
91 222 222.023784
92 222 222.026003
93 222 222.033300
83 223 223.034500
84 223 223.029070
85 223 223.025151
86 223 223.021889
87 223 223.019736
88 223 223.018502
89 223 223.019137
90 223 223.020811
91 223 223.023962
92 223 223.027739
93 223 223.032850
83 224 224.039470
84 224 224.032110
85 224 224.029749
86 224 224.024095
87 224 224.023398
88 224 224.020211
89 224 224.021723
90 224 224.021464
91 224 224.025617
92 224 224.027605
93 224 224.034220
84 225 225.037070
85 225 225.032630
86 225 225.028485
87 225 225.025572
88 225 225.023611
89 225 225.023229
90 225 225.023951
91 225 225.026131
92 225 225.029391
93 225 225.033910
84 226 226.040310
85 226 226.037160
86 226 226.030861
87 226 226.029566
88 226 226.025410
89 226 226.026098
90 226 226.024903
91 226 226.027948
92 226 226.029339
93 226 226.035188
84 227 227.045390
85 227 227.040240
86 227 227.035304
87 227 227.031869
88 227 227.029178
89 227 227.027752
90 227 227.027704
91 227 227.028805
92 227 227.031156
93 227 227.034957
85 228 228.044750
86 228 228.037835
87 228 228.035823
88 228 228.031070
89 228 228.031021
90 228 228.028741
91 228 228.031051
92 228 228.031371
93 228 228.036066
94 228 228.038732
85 229 229.048120
86 229 229.042257
87 229 229.038298
88 229 229.034942
89 229 229.032955
90 229 229.031762
91 229 229.032097
92 229 229.033506
93 229 229.036264
94 229 229.040143
86 230 230.045140
87 230 230.042416
88 230 230.037054
89 230 230.036327
90 230 230.033134
91 230 230.034541
92 230 230.033940
93 230 230.037827
94 230 230.039650
95 230 230.046090
86 231 231.049870
87 231 231.045158
88 231 231.041027
89 231 231.038393
90 231 231.036304
91 231 231.035884
92 231 231.036293
93 231 231.038245
94 231 231.041101
95 231 231.045560
87 232 232.049368
88 232 232.043475
89 232 232.042034
90 232 232.038055
91 232 232.038591
92 232 232.037156
93 232 232.040109
94 232 232.041184
95 232 232.046450
96 232 232.049817
87 233 233.052640
88 233 233.047582
89 233 233.044346
90 233 233.041582
91 233 233.040247
92 233 233.039635
93 233 233.040740
94 233 233.042997
95 233 233.046445
96 233 233.050770
88 234 234.050342
89 234 234.048139
90 234 234.043601
91 234 234.043307
92 234 234.040952
93 234 234.042895
94 234 234.043317
95 234 234.047731
96 234 234.050160
97 234 234.057267
88 235 235.054970
89 235 235.050840
90 235 235.047255
91 235 235.045399
92 235 235.043930
93 235 235.044063
94 235 235.045286
95 235 235.047908
96 235 235.051542
97 235 235.056580
89 236 236.054988
90 236 236.049657
91 236 236.048668
92 236 236.045568
93 236 236.046569
94 236 236.046058
95 236 236.049428
96 236 236.051374
97 236 236.057480
89 237 237.058270
90 237 237.053629
91 237 237.051023
92 237 237.048730
93 237 237.048173
94 237 237.048409
95 237 237.049996
96 237 237.052869
97 237 237.057100
98 237 237.062197
90 238 238.056496
91 238 238.054637
92 238 238.050788
93 238 238.050946
94 238 238.049560
95 238 238.051984
96 238 238.053081
97 238 238.058204
98 238 238.061490
90 239 239.060770
91 239 239.057260
92 239 239.054293
93 239 239.052939
94 239 239.052163
95 239 239.053024
96 239 239.054910
97 239 239.058241
98 239 239.062529
99 239 239.068230
91 240 240.060980
92 240 240.056593
93 240 240.056165
94 240 240.053813
95 240 240.055300
96 240 240.055529
97 240 240.059759
98 240 240.062255
99 240 240.068920
91 241 241.064080
92 241 241.060330
93 241 241.058252
94 241 241.056851
95 241 241.056829
96 241 241.057653
97 241 241.060155
98 241 241.063690
99 241 241.068560
100 241 241.074210
92 242 242.062932
93 242 242.061641
94 242 242.058742
95 242 242.059549
96 242 242.058836
97 242 242.061982
98 242 242.063754
99 242 242.069567
100 242 242.073430
92 243 243.066990
93 243 243.064280
94 243 243.062003
95 243 243.061381
96 243 243.061389
97 243 243.063007
98 243 243.065477
99 243 243.069510
100 243 243.074465
93 244 244.067850
94 244 244.064205
95 244 244.064285
96 244 244.062752
97 244 244.065180
98 244 244.066000
99 244 244.070883
100 244 244.074038
93 245 245.070800
94 245 245.067826
95 245 245.066454
96 245 245.065491
97 245 245.066361
98 245 245.068048
99 245 245.071249
100 245 245.075349
101 245 245.080808
94 246 246.070205
95 246 246.069775
96 246 246.067223
97 246 246.068673
98 246 246.068805
99 246 246.072896
100 246 246.075350
101 246 246.081713
94 247 247.074190
95 247 247.072093
96 247 247.070354
97 247 247.070307
98 247 247.070965
99 247 247.073622
100 247 247.076945
101 247 247.081522
95 248 248.075753
96 248 248.072349
97 248 248.073088
98 248 248.072185
99 248 248.075471
100 248 248.077186
101 248 248.082823
102 248 248.086550
95 249 249.078480
96 249 249.075954
97 249 249.074987
98 249 249.074853
99 249 249.076411
100 249 249.078927
101 249 249.082914
102 249 249.087797
96 250 250.078358
97 250 250.078316
98 250 250.076406
99 250 250.078612
100 250 250.079521
101 250 250.084415
102 250 250.087562
96 251 251.082286
97 251 251.080762
98 251 251.079588
99 251 251.079993
100 251 251.081539
101 251 251.084774
102 251 251.088944
103 251 251.094180
96 252 252.084870
97 252 252.084311
98 252 252.081627
99 252 252.082979
100 252 252.082467
101 252 252.086432
102 252 252.088966
103 252 252.095264
97 253 253.086880
98 253 253.085134
99 253 253.084825
100 253 253.085184
101 253 253.087144
102 253 253.090564
103 253 253.095091
104 253 253.100438
97 254 254.090600
98 254 254.087324
99 254 254.088022
100 254 254.086854
101 254 254.089592
102 254 254.090955
103 254 254.096483
104 254 254.100053
98 255 255.091048
99 255 255.090274
100 255 255.089964
101 255 255.091084
102 255 255.093191
103 255 255.096562
104 255 255.101268
105 255 255.107068
98 256 256.093442
99 256 256.093599
100 256 256.091774
101 256 256.093889
102 256 256.094282
103 256 256.098494
104 256 256.101152
105 256 256.107890
99 257 257.095979
100 257 257.095106
101 257 257.095542
102 257 257.096887
103 257 257.099418
104 257 257.102918
105 257 257.107578
99 258 258.099520
100 258 258.097077
101 258 258.098431
102 258 258.098207
103 258 258.101755
104 258 258.103427
105 258 258.109285
106 258 258.112983
100 259 259.100597
101 259 259.100511
102 259 259.101032
103 259 259.102902
104 259 259.105596
105 259 259.109491
106 259 259.114396
100 260 260.102809
101 260 260.103653
102 260 260.102644
103 260 260.105505
104 260 260.106441
105 260 260.111297
106 260 260.114384
107 260 260.121659
101 261 261.105828
102 261 261.105697
103 261 261.106884
104 261 261.108773
105 261 261.111917
106 261 261.115949
107 261 261.121455
101 262 262.109101
102 262 262.107464
103 262 262.109612
104 262 262.109925
105 262 262.114072
106 262 262.116336
107 262 262.122967
102 263 263.110715
103 263 263.111359
104 263 263.112495
105 263 263.114990
106 263 263.118294
107 263 263.122916
108 263 263.128522
102 264 264.112734
103 264 264.114201
104 264 264.113879
105 264 264.117405
106 264 264.118931
107 264 264.124593
108 264 264.128356
103 265 265.116193
104 265 265.116684
105 265 265.118613
106 265 265.121093
107 265 265.124914
108 265 265.129792
109 265 265.135996
103 266 266.119831
104 266 266.118172
105 266 266.121029
106 266 266.121975
107 266 266.126794
108 266 266.130046
109 266 266.137374
104 267 267.121789
105 267 267.122465
106 267 267.124357
107 267 267.127501
108 267 267.131673
109 267 267.137189
110 267 267.143768
104 268 268.123968
105 268 268.125671
106 268 268.125392
107 268 268.129692
108 268 268.131865
109 268 268.138649
110 268 268.143478
105 269 269.127911
106 269 269.128627
107 269 269.130416
108 269 269.133753
109 269 269.138822
110 269 269.144752
105 270 270.131356
106 270 270.130427
107 270 270.133363
108 270 270.134290
109 270 270.140327
110 270 270.144584
106 271 271.133933
107 271 271.135256
108 271 271.137170
109 271 271.140744
110 271 271.145946
106 272 272.135890
107 272 272.138264
108 272 272.138495
109 272 272.143406
110 272 272.146020
111 272 272.153273
106 273 273.139580
107 273 273.140240
108 273 273.141679
109 273 273.144399
110 273 273.148560
111 273 273.153127
107 274 274.143548
108 274 274.143304
109 274 274.147245
110 274 274.149411
111 274 274.155253
107 275 275.145670
108 275 275.146668
109 275 275.148820
110 275 275.152033
111 275 275.155939
108 276 276.148455
109 276 276.151594
110 276 276.153025
111 276 276.158334
112 276 276.161410
108 277 277.151899
109 277 277.153268
110 277 277.155914
111 277 277.159069
112 277 277.163641
109 278 278.156307
110 278 278.157040
111 278 278.161493
112 278 278.164156
113 278 278.170578
109 279 279.158075
110 279 279.160097
111 279 279.162722
112 279 279.166542
113 279 279.170950
110 280 280.161311
111 280 280.165138
112 280 280.167147
113 280 280.172930
110 281 281.164511
111 281 281.166360
112 281 281.169746
113 281 281.173480
111 282 282.169119
112 282 282.170496
113 282 282.175672
111 283 283.170544
112 283 283.173270
113 283 283.176571
112 284 284.174156
113 284 284.178727
112 285 285.177117
113 285 285.179727
114 285 285.183643
113 286 286.182208
114 286 286.184235
113 287 287.183389
114 287 287.186783
115 287 287.190704
114 288 288.187572
115 288 288.192740
114 289 289.190419
115 289 289.193627
116 289 289.198162
115 290 290.195975
116 290 290.198638
115 291 291.197071
116 291 291.201077
117 291 291.205535
116 292 292.201742
117 292 292.207463
116 293 293.204487
117 293 293.208236
118 293 293.213562
117 294 294.210462
118 294 294.213921
118 295 295.216240